Commodities(rs/quin),2002,2003,2004,2005,2006,2007,2008,2009,2010,2011,2012
Rice,550.0,555.0,560.0,570.0,580.0,645.0,850.0,950.0,1000.0,1080,1250
Wheat ,630.0,635.0,640.0,650.0,750.0,1000.0,1080.0,1100.0,1120.0,1285,1350
Jowar,490.0,502.5,515.0,525.0,540.0,600.0,840.0,840.0,880.0,980,1500
Bajra,495.0,505.0,515.0,525.0,540.0,600.0,840.0,840.0,880.0,980,1175
Ragi,490.0,502.5,515.0,525.0,540.0,600.0,915.0,915.0,965.0,1050,1500
Maize ,490.0,507.5,525.0,540.0,540.0,620.0,840.0,840.0,880.0,980,1175
Barley ,505.0,522.5,540.0,550.0,565.0,650.0,680.0,750.0,780.0,980,980
Gram ,1225.0,1325.0,1425.0,1435.0,1445.0,1600.0,1730.0,1760.0,2100.0,2800,3000
Arhar/Tur,1325.0,1357.5,1390.0,1400.0,1410.0,1550.0,2000.0,2300.0,3000.0,3200,3850
Moong(Green Gram),1335.0,1372.5,1410.0,1520.0,1520.0,1700.0,2520.0,2760.0,3170.0,3500,4400
Urad ,1335.0,1372.5,1410.0,1520.0,1520.0,1700.0,2520.0,2520.0,2900.0,3300,4300
Sugarcane,69.5,72.0,74.5,79.5,80.25,81.18,81.18,129.84,139.12,145,170
Cotton(lint),1895.0,1927.5,1960.0,1980.0,1990.0,2030.0,3000.0,3000.0,3000.0,3300,3900
Groundnut ,1375.0,1437.5,1500.0,1520.0,1520.0,1550.0,2100.0,2100.0,2300.0,2700,3700
Jute,850.0,870.0,890.0,910.0,1000.0,1055.0,1250.0,1375.0,1575.0,1675,2200
Rapeseed &Mustard,1340.0,1520.0,1700.0,1715.0,1715.0,1800.0,1830.0,1830.0,1850.0,2500,3000
Sunflower ,1210.0,1275.0,1340.0,1500.0,1500.0,1510.0,2215.0,2215.0,2350.0,2800,3700
Soyabean,895.0,947.5,1000.0,1010.0,1020.0,1050.0,1390.0,1390.0,1440.0,1690,2240
Safflower ,1305.0,1427.5,1550.0,1565.0,1565.0,1650.0,1650.0,1680.0,1800.0,2500,2800
Sesamum ,1455.0,1477.5,1500.0,1550.0,1560.0,1580.0,2750.0,2850.0,2900.0,3400,4200
Niger seed ,1120.0,1150.0,1180.0,1200.0,1220.0,1240.0,2405.0,2405.0,2450.0,2900,3500
